592 -829 -533 -847 -844 915 621 -173 -576 877 544 -567 363 -832 288 175 917 -473 -952 -16 -960 119 341 -648 768 -947 202 53 74 101 -77 116 486 701 597 -827 766 966 51 -952 578 -990 199 815 -217 833 485 819 119 -451 -217 994 -198 39 266 -719 -588 -179 223 -3 -303 -203 222 857 19 -450 822
-106 631 -358 -478 -83 -477 995 -876 -863 -536 995 -288 -484 -607 196 884 -469 -926 -532 -439 528 -952 595 390 571 228 662 -99 783 308 -768 156 349 -70 -407 193 525 981 -104 -962 -732 465 -874 377 -283 963 817 -15 938 -591 802 275 -238 388 382 -734 370 -544 -461 -714 -859 -140 -951 -817 457 -981 -257 962 755 680 428 884 527 573
142 -679 79 -338 920 861 -496 924 -122 -189 -981 -821 -134 -160 681 -839 -417 -313 676 94 157 408 -516 501 -893 967 719 -667 724 795
-642 434 -117 988 688 441 776 -198 -480 638 -195 470 -626 44 166 429 -593 -887 713 -605 274 -47 486 431 -834 894 -237 -587 -706 758 -690 -735 -600 237 103 -486 179 -146 -90 -525 408 780 334 -345 -93 955 411 482 762 771 -182 683 -979 -601 -206 -602 806 306 -614
-662 804 -130 742 -362 919 -260 -963 452 -196 -414 -566 -177 -287 620 -431 -287 548 990 706 99 309 -57 -70 772 -871 -782 321 -956 -861 692 341 518 370 -54 -514 258 -17 576 467 347 -442 -218 981 823 -573 671 -681 413 83 859 -583 -290 -321 186 163 -234 372 702 -465
424 89 -526 71 -433 -376 920 906 410 256 -552 -50 -632 402 -184 94 -655 421 473 -761 -715 847 -782 216 327 211 29 -622 734 -572 -487 604 -480 675 326 -315 767 -93 35 -877 -701 916 -216 -59 295
716 -468 588 502 897 -366 -710 367 59 -344 -568 649 530 779 -269 -547 960 -988 -858 404 168 -473 -915 -488 -107 -772 51 -722 320 -865 140 503 -820 -218 -267 706 -143 626 -732 -417 -597 718 -184 -652 4 833
530 -345 -702 -562 896 -242 -641 -520 769 -210 -179 -196 653 195 -972 670 106 199 109 829 817 -912 -420 -359 -173 -803 -160 631
862 888 -194 266 -215 42 -929 -87 -655 -749 678 -488 60 836 -478 196 -104 -448 -879 -37 -728 107 858 978 -687 56 -684 558 -597 520 -387
193 13 -376 627 570 911 473 -98 -252 617 -1 -843 -476 222 -426 -322 -335 -865 -317 -613 -930 -54 147 -938 958 989 -637 -748 -54 -223 600 333 -716 -992 -888 911 -206 -470 -461 -854 759 468 907
264 -610 -850 -925 258 509 407 -414 -646 587 -965 190 -266 67 629 367 590 142 -359 -165 -166 770 -520 -57 538 385 385 730 -306 -287 407 380 -809 -826 -182 610 306 -184 -288 983 -750 -497 918 785 321 -841 -236 500 -672 481 761 649 111 -432 -539 925 -529 483 782 -267 141 819 134 593
-542 -18 0 -257 -949 370 -756 108 -681 -311 646 -703 457 -437 62 -500 -851 -858 -837 656 111 -640 234 636 964 -368 464 -494 -738 -266 -596 902 784 529 -142 260 -977 154 -426 -858 -849 -258 311 -336 279 809 338 -826 -337 -1000 162 149 -159 -132 -967 -688 947 563 -805 -741 89 78 321 956 -475 377
598 718 18 -675 771 -675 481 -880 518 307 -501 129 478 -702 192 -253 -393 -227 -670 594 518 414 84 -633 618 213 -320 146 -402 -757 127 437 521 265 250 401 253 634 521 -36 178 823 921 -245 154 28 -146 16 688 555 634 -478 813 -969 614 497 745 -891 -549 209
303 -441 768 417 -363 349 -439 430 813 -21 -48 -994 -146 -916 -563 876 208 901 721 -964 -908 433 340 765 27 -833 952 -645 629 -804 -450 358 -672 671 242 -996 -238 704 796 353 41 530 72 560 345 -737 144 -298 998 -44 -123 619
-451 36 -255 272 -821 -91 -745 -222 995 263 -110 -527 -485 -861 -182 -11 261 481 474 -251 -526 -997 27 -146 754 239 985 -425 215 -21 -990 -376
-96 794 -192 -368 191 -570 298 -466 -290 231 91 -882 818 417 -566 -814 -158 34 568 -862 -916 -62 857 334 -623 760 307 -64 971 779 -39 959 -713 740 -458 381 -735 -518 569 -940 -540 595 789 70 -940
807 -613 -35 839 -75 529 719 293 -194 -429 -924 -590 -434 337 891 157 -287 -783 -429 952 -276 -327 290 -976 329 -154 14 319 241 -563 -968 -64 -761 764 -713 -459 -634 212 684 180 536 540 -708 749 921 903 264 949 91 908 225 -675 233 -595 831 -60 -388 572 -44 -176 -50 675 617 -185 193 745 746 -474 448 749 586 -209
-353 48 -932 628 22 -712 -121 -837 -685 -319 -86 -483 -154 97 191 -131 -20 -553 -795 997 804 -841 -102 -463 195 -696 -730 -364 268 -797 57 -363 -955 367 462 -349 -710 358
-681 -547 643 -798 17 -668 957 155 -585 -856 638 865 184 -988 -754 -989 -826 639 536 -114 -283 455 -368 -288 462 573 108 237 898
732 -69 623 38 884 912 -380 -738 -527 -253 491 433 558 -813 -363 -231 896 -536 802 74 -343 30 916 827 -147 509 747 225 635 112 356 -771 -582 461 371 -898 708 361 102 -929 -547 417 872 305 598 636 -872 -32
469 -19 -322 324 -461 349 -128 -160 810 142 -398 812 -339 -449 -595 622 -161 -358 -83 196 92 -942 613 -547 170 -235 -855 937 -345 -589 -206 -328 157 271 -157 220 859 -160 577 -622 -176 -924 -192 -959 272 -512 417 -643 -825 -736 -892 473 635 -11 200 -605 675 -162 -988 453 730 32 792
-896 118 568 480 619 387 -206 390 945 872 84 -457 486 319 783 457 -637 -788 -18 -122 -143 -715 836 -258 385 900 -106 -140 182 228 358 496 531 112 994 -188 227 -498 -3 738 -137 -124 -770 539 470 502 -627 -735 189 678 16 491 456 373 -623 -912 784 -434 -643 -794 -365 68 -631 231 -945 -566 -326 7 -376 -936 -764 -309 495 -508 725
-960 82 -719 729 -354 -501 -591 -673 -628 889 686 -948 -553 -51 -390 -170 -699 -854 845 -235 -544 -286 -798 638 744 -864 104 -348 -239 -15 785 31 118 797 -635 -541 -816 -411 765 90 -462 165 10 -697 844 -384 236 96 273 -943 834 642 -764 620 212 817
366 -289 -617 564 383 -369 -940 -200 552 -759 -698 -594 383 -488 51 822 357 -431 -473 -45 -752 -704 -908 543 221 -314 -352 -621 372 -169 194 351 -89 -705 434 1 -609 -706 184 -763 -294 -130 -385 642 553 -374 -109 -588 23 -271 452 481 43 -12 -847 308 -712 713 -82 -946 -60 578 -910 884 448 -702 909 -987 562
184 169 872 -698 274 64 -895 749 -983 -64 -390 44 -218 -352 301 955 -377 646 -829 -423 152 952 296 -35 -15 694 7 863 -693 900 921 545 826 -981 -178 -178 -139 -485 -308 498
-291 274 -670 -379 -431 -264 -8 -703 -217 -715 -566 51 -783 246 905 -920 941 183 509 -334 910 118 -552 872 538 -815 -95 292 -62
998 667 -351 -593 -740 729 -726 152 988 -507 415 41 91 -188 -197 -271 184 -510 -142 991 -688 256 914 646 -766 -996 -991 2 421 997 207 -450 -418 597 -421 -438 -820 -718 -5 -503 -792 835 -670 384 -260 332 62 -639 -845 101 -753 186 787 -573 -70 920 185 -870 -179 -165 935 596 -472 -745 -980 722 -505 -6 792 466 838 998 -252 -679 411
268 767 -563 460 -111 -845 -902 194 404 932 -11 325 308 83 -70 124 187 -301 468 549 292 -101 940 -572 -8 -839 854 -866 -905 866 -959 971 745 546 574 318 487 -830 -325 762 -248 -47
61 943 623 795 466 895 -578 473 -9 -779 -265 -582 -704 -741 551 642 -175 979 342 812 -196 870 528 582 710 -274 910 335 -47 563 -925 -280 513 -600 -162 -663 -997 331 845 -921 -298 -897 -776 -295 129 925 -279 -50 -373 -386 669 -507 -653 49 -578
-731 -284 490 -918 -863 -258 -62 -796 949 691 255 -789 880 238 147 -614 589 924 -973 521 -580 230 -664 55 -476 -806 938 461 578 -348 966 -1 -354 -801 705 660 -853 948 -64 612 -94 -311 112 -445 480 927 -977 529 -387 -624 918 806 132 972 59 -773 -476 -86 950 -908 463 646 729
-247 -842 674 748 -220 -475 -879 -107 396 372 -101 -926 -287 -750 66 598 -557 467 61 148 -571 -234 975 -758 -30 710 -618 -739 991 -353 -27 -615 203 -581 397 -866 855 403 379 564 -8 639 379 236 6 -913 659 -795 426 -25 519 -858 -680 -990 123 381 -723 827 440 643
917 -301 -681 341 787 975 635 -180 -663 902 -708 -518 102 723 916 -711 520 888 -935 -83 -399 962 -598 -605 -256 -373 -886 -516 -79 531 166 -20 699 469 -554 -75 425 536 731 427 161 -438 -333 747
913 965 -232 235 410 468 -969 -41 -375 400 926 130 -174 263 -807 -792 79 -843 992 56 -460 -774 -55 -181 978 25
-235 339 484 869 802 633 -384 -385 689 633 977 -160 860 908 488 -672 16 -303 -432 221 -710 259 -743 -53 -576 -790 -839 -316 -304 193 403 284 -36 -555 211 966 -771 510 981 -569 -306 532 -873 518 47 -405
-515 6 -575 880 217 793 726 -470 648 352 -486 -419 804 304 -819 -977 877 33 622 -642 -188 -1000 579 980 -844 412 -569 716 -444 431 -146 725 -385 -532 -883 -856 -115 192 238 31 -880 804 -252 99 799 -621 -255 -64 -269 5 -442 -228 -407 -707 -388 928 196 -337 752 -206 978 -943 826 -274 435 924 312 -157 -813 516 -539 653 -621 563
-849 717 -178 462 -925 -532 473 -767 -514 508 557 -695 -429 -864 -115 60 -427 253 -312 343 -681 735 848 -325 897 709 312 -435 -644 856 94 92 962 391 446 -351 849 170 832 645 -334 -832 -487 -946 207 641 -89 84 -576 -645 -184 614 21 633 107 801 -188 -713 793 165
-308 105 -808 516 -42 38 200 977 -470 828 -516 -47 -450 -6 -518 930 -957 -206 499 -674 -197 -190 -370 -373 744 649 -170 -314 -746 -934
36 560 348 205 -622 399 261 -628 751 474 -791 187 -305 -951 562 302 -481 -293 715 332 -461 800 -201 731 -51 -825 -190 -251 150 330 999 403 127 255 333 793 747 -320 565 173 -320 -244 -665 639 -637 -837 735 227 -92 -946 806 360 -260 -745 707 524 457 -940
-458 565 -689 -879 -865 664 -69 -911 581 -478 714 -692 838 129 -224 156 -901 -719 -346 -193 -16 410 -884 210 833 -453 568 63 -179 -131 57 344 73 -738 -281 152 -483 961 995 -848 -73 672 603 780 237 362 -562 -473 844 261 14 -463 -303 -378 -726 -761 646 -779 -161 -63 -261 568 23 -626 -417 -196 -964 -223 -552 -9 -101 502 -251 -558
-568 -627 121 908 -316 454 581 -933 -310 304 -140 -843 -242 -977 230 -21 -935 -150 660 -631 -705 151 208 490 -34 -168 -78 754 738 943 -814 68 314 106 -597 -282
578 -332 948 -849 26 104 -130 -997 -909 -654 31 801 326 394 -116 -381 -54 106 169 -350 -137 -685 382 142 -45 -327 -815 72 -825 -201 -56 512 793 -379 -899 188 -100 324 -769 61 272 -830 -40 -351 209 157 22 -943 -346 -922 -798 576 -459 -599 -250 -320 -818 -178 322 502 -619 -598 -67 243
-362 -412 358 -611 64 -967 -17 -830 -874 238 805 288 -819 288 -819 -961 -766 -515 -153 965 215 135 148 276 -73 -102 -924 65 868 -73 780 6
260 481 -612 684 165 -104 855 927 -534 993 108 969 -992 472 -875 418 -311 995 -482 -815 -249 180 496 361 324 451 517 628 844 -125 -270 -90 -375 -754 -362 -662 -314
745 998 509 380 -646 80 796 -504 487 295 -202 -138 436 -850 -825 623 453 222 914 -634 -699 440 -848 -686 -930 -911 -488 50 -814 -952 834 445 -446 -700 925 -300 355 -617 -507 -890 112 -990 311 671 371 353 77 -860 -659 -509 -606 321 -887 -361 541 -785 -989 -601 -49 -761 -867 -195 -71 612 -202 -548 298 398 -138 254 727 218 761 -810
-309 817 -633 58 -255 393 165 -60 292 425 757 -149 99 216 638 -402 877 454 898 853 -426 222 -939 -390 -857 -188 93 794 -95 270 -543 -274 -638 389 240 613 781 229 223 -819 272 726 332 -609 -955 599 148 940 226 898 -523 -725 -674 -59 -546 845 -28 331 -20 483 338 823 922 689 181
-994 -491 336 -665 899 -88 -982 257 157 902 -605 -248 -993 27 960 256 161 -302 283 -617 -906 -936 771 -476 -236 77 952 -31 -299 810 -567 214 -618 48
705 932 -942 512 -475 492 -181 816 187 -532 398 794 836 -785 727 477 -575 490 -66 -490 -456 508 -304 -186 515 -658 -871 -842 53 406 -67 56 -332 -535 -653 450 -784 -835 257 470 -25 47 -389 844 -9 -938 344 249 879 706 -58 740 877 -78 -782 -198 414 675 57 511 201 862 -61 520 488 396 487
-763 253 -598 -792 151 659 -236 -880 948 -168 -401 -5 75 -539 932 70 -440 151 226 708 944 -775 -751 118 844 -224 305 -556 -234 843 584 262 857 -74 -542 -508 -54 -565 512 -657 -50 353 -986 168 422 -981 893 -463 937 -115 -722
-378 -787 -526 267 685 752 -510 677 438 -39 -26 433 -173 -777 190 150 -8 355 902 -749 -485 288 384 -665 -314 340 -781 441 -523 -251 -136 617 733 800 153 197 -465 560 -189 -595 302 -190 -669 -226 837 -101 -423 -79 104 -285 286 576 820 -959 -985 851 21 -335
-327 827 -996 554 521 917 -567 -56 279 895 -901 602 -589 -204 -385 816 -936 762 896 -102 -890 -188 -498 -848 945 309 -792 -416
69 -920 858 -961 -851 509 791 -920 -445 309 -999 -660 246 -828 939 -767 747 449 401 -113 85 -303 992 -477 -204 781 590 -758 -917 -859 405 -702 -274 -232 646 -494 -323 -560 280 623 -449 93 -157 132 -903 -752 -835 -408 752 -94 115 -900 358 62 352 472 -223 -176 754 -524 250 221 -947 -54 -779 392 452 -837 271 384 80 120 821 766 356
-532 -572 415 854 -804 273 614 514 -218 -119 916 -811 -803 -729 -752 591 -865 -84 -32 -860 -597 -739 -902 -577 744 -120 148 127 -409 571 632 200 976 140 -48 143 -690 -335 -980 458 -445 -834 -756 -422 -850 -421 30 -799
-664 -881 -733 -863 680 -14 -959 617 460 -828 -576 -862 -872 51 890 752 429 31 -802 399 206 360 -165 837 -92 -851 79 -482 -804 363 -177 755 -468 901 846 12 507 120 -394 433 -560 146 -92 -409
980 -290 -255 618 -363 137 936 -726 132 -250 437 203 -423 499 -362 -925 -981 545 494 115 -695 284 412 71 -836 198 740 -187 33 802 859 754 264 -892 893 -7 354 -665 -575 815 952 243 -418 -162 -676 47 -233 -383 -652 532 544 154 736 -1000 -476 -21 387
184 296 -696 974 304 932 510 800 209 -574 376 -263 -858 917 -381 -849 -975 -591 892 808 -601 -99 52 -23 -257 -598 -266 820 -82 656 712 168 -138 41 48 945 18 -338 -539 636 -376 194 99 0
-849 -978 799 -811 628 -972 -127 98 -211 -741 -355 -772 -440 -689 780 -281 900 -833 541 348 -879 -236 -590 45 600 -270 -539 -827 -921 -345 -261 621 -965 791 98 798 -314 240 367 324 977 -169 -684 -166 466 414 -178 -48 469 880 -786 493 -460 904 -416 997 690 433 -813
-918 -544 -246 279 -899 638 -890 457 901 935 -8 -841 -62 910 -541 -126 -15 -937 809 -625 817 -996 -847 -294 261 -769 63 -40 -585 342 -558 -301 -163 -619 -692 518 -892 -531 -34 -991 -775 -361 -26 -787 -763 504 -834 777 401 -681 -528 -379 -19 832 237 -754
-517 485 98 -322 -795 -59 -645 -215 644 734 667 -976 -795 10 -479 753 644 818 -269 790 -210 -610 965 -571 -168 938 686 466 -954 -376 537 -869 -365 374 -89 341
944 894 -584 952 863 762 -306 -94 811 -437 754 802 209 483 -163 833 349 -671 434 170 -806 -586 915 -717 -374 913 102 -371 86 -73 -58 -206 737 879 -21 94 -269 170 -607 306 -678 -604 -460 -288 -138 250 -164 480 730 958 -44 -888 -682 507
580 118 767 -400 -674 -504 70 -351 -358 -283 621 631 -688 -956 982 222 100 -290 843 -971 -99 137 739 706 202 888 -839 -272 -300 237 -364 912 784 -792 -122 768 -725 -391 -659 -888 838 -229 -320 -702 207 -937 396 -277 772 44 749 -931 408 394 526 226 689 -860 249 563 505 -218
638 476 -66 634 500 792 -885 695 -101 100 -960 192 -76 -29 -165 81 -629 237 577 333 60 180 -718 -104 -886 685 26 147 -457 350 -437 -457 -639 -578 350 -931 -937 -393 509 -300 -575 563 880 -852 -773 781 387 989 554 157 83
-653 78 -868 -909 -980 -10 -525 -371 808 339 -806 -390 220 -581 -181 782 849 541 -418 -861 523 184 7 -268 329 987 441 -802 -354 631 222 803 208 -885 866 20 -454 -247 350 -915 -571 236 373 45 -346 57 -776
-961 -26 454 -385 -914 512 -633 -700 338 910 768 -176 -480 831 -697 -360 607 -142 -43 195 701 997 -936 -185 626 -723 473 131 -950 771 829 -681 286
839 -652 -330 -328 562 516 821 891 166 475 -394 528 -226 481 -226 641 -912 -818 -662 -103 47 792 -30 346 753 -201 -733 -52 197 -782 -479 34 399 609 687 789 962 -938 -912 -623 757