-270 -332 -884 863 932 N/A -151 5 N/A -296 128 -241 N/A -534 464 531 N/A 388 -691 750 N/A -945 N/A -797 844 N/A 43 N/A 67 -296 -554 -194 913 483 -265
-44 N/A -887 -610 N/A 66 -241 412 -513 -51 N/A -405 -75 -927 170 N/A -808 765 -274 N/A -411 N/A 231 N/A 888 -930 706 117 502 78 N/A -511 927 334 459 -821 924 N/A -300 N/A -15
-812 370 N/A -647 765 -29 -88 N/A -563 -670 906 -279 N/A 552 595 -82 N/A 236 937 124 -562 N/A -206 N/A 123 755 887 -380 N/A 691 144 -329 -676 18 89 N/A 716 N/A 491 N/A -671 -531 -42 N/A 572 672 N/A -326 -717 906 N/A 267 -127 N/A -79 -163 -764 736 -892 N/A 831 N/A -513 947 910 -94 114 N/A 931 N/A -286 91
847 350 594 -621 N/A -586 363 N/A -937 798 N/A -448 N/A 735 23 N/A -163 -223 N/A -42 -112 -517 N/A 86 N/A -967 -867 -493 N/A -241 -675 -286 462 -721 N/A 392 251 -609 -451 -575 N/A 658 N/A -430 243 -92 175 -875 908 778 N/A 561 -191 N/A -271 N/A 300 884 N/A -770 261 449 92 361 992 -501 -621 220 749 N/A -300 N/A 168
-842 -177 763 N/A -389 N/A -608 -865 -417 712 478 N/A 879 N/A -746 N/A -226 N/A -479 N/A 91 -224 -73 566 N/A 704 -29 496 N/A -475 283 N/A -778 751 -667 -300 637 539 -25 -784
-872 N/A 695 729 N/A -194 N/A 409 N/A 57 -552 272 -31 N/A 6 N/A -954 N/A -946 429 -182 478 198 753 -497 -34 -403 268 N/A -895 N/A 526 -599 -336 N/A 147 691 835 -163 940 -635 614 N/A 838
556 N/A 379 677 N/A -912 -256 N/A 425 -747 N/A -533 N/A -966 N/A 880 -365 -946 -127 644 -223 -358 N/A -931 328 -20 -236 N/A 650 979 151 N/A -927 307 N/A 346 -239 -635 N/A -262 619 197 -309 -818 883 165 983 N/A 563 -153 -802
-32 -641 N/A -274 -426 -227 -212 -446 N/A 476 98 N/A 38 -394 -908 N/A 634 N/A 419 278 -93 -740 65 N/A 189 -693 -353 N/A -170 -234 N/A 297 -574 169 N/A -565 -714 N/A 468 -848 275 838 324 N/A -563 -218 -660 N/A -326 796 N/A 233 N/A -377 N/A 751 971 362 N/A 41 -412 -482 595 -38 -17 N/A 947 631 389
-571 659 535 49 68 49 -311 -977 N/A -95 -281 454 806 53 756 -495 N/A 445 -909 364 -224 N/A 880 N/A -449 N/A 829 196 N/A -637 884 N/A -95 N/A 553 125 N/A -159 N/A -958 91 N/A 641 -426 -491 N/A -771 571 212 71 N/A 857 -580 121 N/A -190 -964 -577 -801 900 -648 N/A -498
691 -887 -955 503 N/A 991 10 905 N/A -248 N/A -110 N/A -326 -553 176 -978 N/A -671 -119 -219 N/A 34 N/A 181 912 347 N/A -225 -284 N/A -809 -433 N/A -2 -211 158 -157 -379 82 N/A -53 -717 564 -793 N/A 287 N/A -930 N/A 221 262 844 -483 -376 651 528 N/A -58 N/A -132 -382 -437 N/A 657 628 -985 341
781 475 N/A 698 N/A 530 624 921 N/A -238 -323 -841 50 637 N/A 795 740 325 196 N/A -956 N/A 184 N/A -813 N/A -387 -284 N/A -731 311 416 N/A -140 N/A -390 553 N/A -768 -527 -216 35 490 -879 997 893 -261 -889 206 -76
600 771 389 N/A 787 -880 562 279 288 -248 52 -310 N/A -198 N/A 896 791 -952 N/A 840 -264 N/A 119 -704 N/A -356 212 132 -845 N/A 23 N/A 933 740 342 -297 930 32 987 -432 N/A 95 N/A 865 N/A 218 -323 -625 628 N/A -270 470 N/A 270 N/A 383 -218 123 953 N/A -828 863 N/A -276
-997 706 -358 91 -710 976 263 N/A -312 N/A -250 665 -796 N/A -411 N/A -946 N/A 658 -827 -769 -419 324 -895 534 N/A 441 N/A -540
34 N/A -542 954 -886 N/A -514 N/A -983 -995 109 N/A -924 N/A 52 119 N/A 471 561 312 -222 780 -595 N/A -838 -846 -123 -705 -606 530 708 -548 N/A 471 125 906 -254 405 -705 N/A 132 N/A 873
-885 N/A 363 N/A 483 N/A 418 957 N/A 994 N/A 205 -109 742 251 725 N/A -645 -91 N/A 147 143 -785 475 -609 184 -486 959 -925 N/A 655 -388 538 -862 -42 38 N/A 949 290
-20 596 -395 978 N/A -484 860 N/A -127 N/A -432 -985 824 N/A 479 851 N/A 198 N/A 769 -717 -635 N/A -98 522 -868 N/A 438 90 N/A 449 219 -55 628 -860 -230 808 N/A -219 293 689 156
543 789 -360 N/A 144 625 N/A -146 N/A -583 -39 -259 421 59 -181 -304 N/A 134 796 N/A -1000 934 -806 104 568 10 N/A -173 -508 N/A -769 N/A 163 -374 N/A -339 -322 -164 655 876 N/A -598 237 N/A -527
-611 -640 786 N/A -518 -338 N/A 32 N/A -822 923 N/A -866 877 -336 254 793 739 232 182 130 797 -467 548 N/A 428 253 755 250 798 34 N/A -515 437 N/A 108 N/A 57 -696 157 N/A 721 -155 86 N/A 174 N/A -651 N/A -426 -349 N/A 462 N/A -639 918 730
49 613 325 289 271 272 631 N/A -767 -51 928 N/A -487 N/A -600 N/A 275 561 -261 N/A 711 -889 N/A -80 N/A 518 -483 -648 -343 -297 618 -151 N/A -781 -517 57 -949 N/A -771 -832 N/A -385 99 549 -102 -275 -922 -109 N/A 820 N/A -348 -127 -626 644 N/A -327 N/A 395 -724 489 -5 587 N/A 260 N/A 362 N/A -32 336 -348 -666 N/A -391 948
-509 949 -446 468 N/A 826 456 N/A 500 -253 685 N/A -497 -163 -907 113 567 -172 -718 960 -797 -595 -187 -332 855 -102 N/A 588 N/A -908 -919 -929 169 N/A 385 N/A -501 N/A -783 -598 N/A -962 N/A 225 -532 676 -962 N/A 73 -57 -99 6 N/A 656 580 N/A 158 -566 N/A 28 215 N/A 860
-660 -738 237 884 -346 N/A -798 N/A -110 -888 427 N/A -118 395 400 N/A -460 110 -989 N/A -194 27 N/A 663 458 N/A -474 N/A -455 -550 -876 N/A 328 -67 -777 N/A 189 -281 982 N/A 399 -47 -591 N/A -270 N/A -57 -533 993 N/A 465 344 -996 -385 N/A -421 1 -140 -628 189 143 908 -433 N/A -5 375 N/A 487 -56 N/A -444 443 154 -274 119
950 N/A -261 922 958 905 549 -438 -568 -433 643 N/A 490 696 N/A 248 517 -14 N/A 50 -962 N/A 532 N/A -711 106 -965 N/A -495 546 -924 368 N/A 601 N/A 71 -61 N/A -641 -237 N/A -962 245 N/A 127 678 49 -607 N/A 528 -768 615 316
736 142 483 N/A -621 N/A -477 N/A -803 307 N/A -786 -560 N/A -730 N/A 40 515 542 256 -458 -335 204 N/A -620 -336 120 724 -795 850 N/A -595 -127 829 -106 941 -223 N/A 753 844 522 N/A -95 N/A -807 N/A -753 762 -901 N/A -35 N/A 255 -461 -434 785 N/A 59 752 -63 399 N/A 811 -559
754 846 -230 -958 N/A 201 694 N/A -1000 -552 N/A -449 -353 681 -569 N/A -736 503 N/A -754 869 581 424 N/A -109 -551
402 366 -802 995 -171 -97 398 636 -61 11 N/A 975 N/A -499 -44 N/A -747 -584 N/A 579 -694 -981 848 N/A -84 -672 650 864 N/A -892 -175 -990 500 N/A -505 251 N/A -765 N/A -380 N/A -576 -376 193 -642 147 268 N/A 651 895 N/A 462 -389 N/A 424 -688 N/A 455 132 270 752 N/A -978 792 N/A 306 N/A 242 60 N/A 228 -805 -531 -168 -3
189 681 688 193 N/A -431 369 N/A -232 680 N/A 770 -163 30 N/A -774 N/A -923 -151 -228 -470 N/A 561 167 N/A 751 -426 -55
-966 N/A 258 N/A 672 770 513 N/A -904 869 N/A 571 494 N/A 680 178 -395 -741 -848 -796 N/A 713 N/A 463 -670 -746 -139 N/A -855 -959 -880 -644 891 -491 135
190 392 549 -535 -762 N/A 862 505 728 -151 N/A -272 -752 -228 841 N/A 465 N/A -42 -731 164 N/A 417 N/A -126 -370 68 N/A 198 N/A -978 N/A -387 -872 704 834 765 -889
114 506 N/A 434 -746 -91 N/A 693 321 552 N/A -469 N/A -194 -78 324 -266 747 551 636 -642 N/A -889 -644 262 -814 375 -798 N/A 121 -617 860 453 -905 N/A 716 N/A -449 N/A 787 N/A -4 -773 N/A -926 632 820 N/A 499 622 17 N/A 165 -60
-470 -997 172 N/A -15 355 899 -993 N/A -950 -487 N/A -246 N/A -874 -408 648 N/A -873 875 628 N/A 7 N/A 103 N/A -430 N/A 668 370 N/A 565 -123 -712 -471 -616 647 N/A -314 N/A -732 -262 590 -493 N/A -730 N/A 435 -57 N/A -690 -412 -549 N/A 146 -738 -250 -263 425 N/A -841 451 569 -266 873 -189 -736 330 -867 -694
-382 692 199 979 N/A 850 N/A 662 N/A 40 -299 -738 N/A -102 104 971 -312 -483 29 -932 907 N/A 795 290 N/A 653 122 436 N/A 424 -931 -574 -601 245 N/A -847 -255 N/A 880 -749 926 207 646 N/A 682 N/A 648 -588 -94 N/A -47 774 N/A -810 163 -997 N/A -550 795 N/A 4 N/A -427 631 957 -664 N/A -232 -37 568 -131 144 -286 N/A -129
-973 N/A -967 -253 N/A -786 N/A 694 -490 784 736 695 -251 -209 N/A 488 164 -633 N/A 610 465 613 45 N/A 402 663 616 N/A -219 -953
-130 953 454 23 N/A -998 N/A -884 993 -535 N/A 558 829 -507 417 -787 N/A -28 -721 -619 -582 N/A -717 901 -128 N/A 441 N/A 813 -665 522 -688 N/A -211 -375 N/A 246 884 978
-841 N/A 702 726 N/A -323 -733 N/A 685 N/A -965 838 -921 N/A -935 -215 -967 N/A -39 676 -71 -756 -815 N/A 983 -138 -718 -758 81 -514 N/A -729 201 211 -798 N/A -330 N/A -777 N/A 341 -736 -559 632 348 388 825 N/A 144 -406 N/A 84 N/A 294 603 N/A -989 -600 -825 -696 -162 -519 N/A -906 178 N/A -225 -505 360 N/A -916 -536
-974 500 429 -406 929 89 525 N/A 129 N/A 535 N/A -988 N/A 489 -566 N/A -180 -246 -349 850 382 N/A 899 -499 -7 N/A -802 -211 530
-368 -794 N/A -222 N/A -479 N/A -425 406 N/A -11 474 N/A 947 -885 N/A 510 -724 -540 285 N/A 655 -475 -421 8 -845 N/A 940 559 397 N/A 839 287 91 -376 486 58 N/A 503 366 -816 N/A -362 566 -205 913 -174
-518 -350 700 84 -978 505 N/A -699 512 N/A -637 -977 N/A -748 -145 -52 N/A 260 -203 798 N/A 199 165 -53 N/A -548
-332 95 -253 46 135 N/A 878 -107 N/A 621 10 205 64 -797 N/A -595 N/A 901 -59 121 N/A -224 342 N/A 403 -647 -115
-678 N/A -98 -472 230 759 621 -632 N/A -10 -412 -474 -212 -618 N/A -286 -313 76 N/A -173 484 -740 N/A 939 N/A 471
-526 746 N/A -444 N/A 372 -72 N/A -1 463 N/A -252 -933 N/A 25 10 -318 446 -307 N/A 945 -362 730 679 -678 -507 587 N/A -508 -719 -930 744 -650 N/A -10 -360 508 N/A 349 81 257 N/A -582 161 N/A -918 -510 591 -580 N/A 140 N/A 397
677 -360 N/A 624 N/A 192 236 122 -857 N/A 527 N/A 493 N/A 28 821 N/A 684 -200 334 N/A -163 793 -355 575 -78 -427 201 -895 N/A 472 N/A -995 N/A -830 N/A 931 522 N/A 737 -595 -396 426 N/A -994 764 365 208 -169 -810 -448 -411
-399 859 -302 737 595 -983 -526 N/A 377 N/A 750 N/A -33 649 203 257 323 121 436 -342 -635 N/A -77 N/A 431 -954 N/A 963 N/A -565 -70 N/A 509 N/A 80 N/A -546 134 312 -592 -745 790 574 N/A 397 -828 529 384 414 N/A 480 863 N/A 839
-922 -770 89 -898 N/A 838 962 -162 99 333 N/A 169 831 N/A -459 N/A -848 610 N/A -538 352 N/A 583 N/A -746 N/A -276 -463 N/A 955 N/A -691 N/A 488 -365 -329 609 427 962 132 390 N/A 605 440 742 -660 190 623 N/A -515 -191 -221 N/A 353 482 958 259
-728 -117 283 -944 N/A -195 N/A 761 -797 852 715 N/A -939 N/A 656 769 N/A -430 905 -184 N/A -53 -117 N/A 240 N/A 460 N/A 241 -962 -308 -294 698 454 N/A -42 -791 289 -560 127 N/A -310 N/A -671 676 342 829 144 386 N/A 80 386 -727 N/A 476 103 -301
-130 568 -831 N/A -126 -183 N/A 520 N/A 201 -250 -448 -3 23 N/A 709 N/A -450 549 349 N/A 429 N/A -402 -238 N/A 438 -834 N/A 326 N/A -479 898 N/A -667 -721 280 N/A 398 108 600 N/A -498 -788 -101 -780 -985 150 136 168 -608 -902 -876 -749 N/A -25 977 N/A 586 -504 N/A -541 -90 -588 -702
459 N/A -800 N/A -635 -115 -838 N/A -609 395 424 N/A -125 429 -635 -205 -274 N/A 820 -908 N/A -466 N/A -937 447 607 764 N/A 757 N/A -518 -684 N/A 362 -359 137 130 -364 534 N/A 916 -807 -270 -956 523 -411 -548 -62 N/A 183 N/A 51
831 907 N/A -450 -367 N/A -221 N/A -256 376 -465 N/A 341 830 -724 729 692 87 -205 -317 -457 -991 955 866 489 N/A -130 630 -137 N/A -679 N/A 937 467 N/A -757 N/A -905 -360 N/A -208 -789
252 N/A -920 284 -185 -248 N/A -631 805 191 N/A -688 149 993 N/A 796 N/A -3 316 N/A -731 -255 -550 -82 418 736 -493
868 -889 40 N/A -614 N/A -623 256 399 471 N/A 301 354 90 N/A 716 N/A 210 -705 241 -847 N/A 594 -3 -403 -647 N/A -445 N/A 506 N/A -165 N/A 145 413 -68 813 -111 245 856 -757 -199 N/A 562 -145 -673
114 939 N/A 333 N/A -205 517 741 -678 512 N/A -65 81 430 N/A 99 -718 974 -290 N/A 600 N/A -736 N/A 318 -193 660 681 906 N/A 212 N/A -424 -256 -698 -523 -971 N/A 500 -315 -849
443 N/A 17 -413 N/A -363 722 480 N/A 897 -670 N/A 974 N/A -112 209 N/A 705 157 818 -597 -745 -366 N/A -728 N/A -312 N/A 338 -892 -201 -492 N/A 412 235 N/A -750 108 -915 -919 -490 835 -877 370 60 93 N/A 853 -933 -518